
Round: 0
00000000
00000000
00000000
00000000
00000000
00000000
00000000
00000000

Valid moves for 1:
3, 3
3, 4
4, 3
4, 4

Player 1: 3, 3

After move by Player 1
00000000
00000000
00000000
00000000
00010000
00000000
00000000
00000000


Round: 1
00000000
00000000
00000000
00000000
00010000
00000000
00000000
00000000

Valid moves for 2:
3, 4
4, 3
4, 4

Player 2: 3, 4

After move by Player 2
00000000
00000000
00000000
00000000
00012000
00000000
00000000
00000000


Round: 2
00000000
00000000
00000000
00000000
00012000
00000000
00000000
00000000

Valid moves for 1:
4, 3
4, 4

Player 1: 4, 4

After move by Player 1
00000000
00000000
00000000
00001000
00012000
00000000
00000000
00000000


Round: 3
00000000
00000000
00000000
00001000
00012000
00000000
00000000
00000000

Valid moves for 2:
4, 3

Player 2: 4, 3

After move by Player 2
00000000
00000000
00000000
00021000
00012000
00000000
00000000
00000000


Round: 4
00000000
00000000
00000000
00021000
00012000
00000000
00000000
00000000

Valid moves for 1:
2, 4
3, 5
4, 2
5, 3

Player 1: 2, 4

After move by Player 1
00000000
00000000
00000000
00021000
00011000
00001000
00000000
00000000


Round: 5
00000000
00000000
00000000
00021000
00011000
00001000
00000000
00000000

Valid moves for 2:
2, 3
2, 5
4, 5

Player 2: 2, 5

After move by Player 2
00000000
00000000
00000000
00021000
00012000
00001200
00000000
00000000


Round: 6
00000000
00000000
00000000
00021000
00012000
00001200
00000000
00000000

Valid moves for 1:
2, 6
3, 5
4, 2
5, 3

Player 1: 3, 5

After move by Player 1
00000000
00000000
00000000
00021000
00011100
00001200
00000000
00000000


Round: 7
00000000
00000000
00000000
00021000
00011100
00001200
00000000
00000000

Valid moves for 2:
2, 3
4, 5

Player 2: 2, 3

After move by Player 2
00000000
00000000
00000000
00021000
00021100
00022200
00000000
00000000


Round: 8
00000000
00000000
00000000
00021000
00021100
00022200
00000000
00000000

Valid moves for 1:
1, 2
1, 3
1, 4
1, 5
1, 6
2, 2
3, 2
4, 2
5, 2

Player 1: 2, 2

After move by Player 1
00000000
00000000
00000000
00021000
00011100
00122200
00000000
00000000


Round: 9
00000000
00000000
00000000
00021000
00011100
00122200
00000000
00000000

Valid moves for 2:
2, 1
4, 2
4, 5
4, 6
5, 4

Player 2: 4, 2

After move by Player 2
00000000
00000000
00000000
00221000
00021100
00122200
00000000
00000000


Round: 10
00000000
00000000
00000000
00221000
00021100
00122200
00000000
00000000

Valid moves for 1:
1, 2
1, 3
1, 4
1, 5
1, 6
2, 6
3, 2
4, 1
5, 2

Player 1: 3, 2

After move by Player 1
00000000
00000000
00000000
00221000
00111100
00122200
00000000
00000000


Round: 11
00000000
00000000
00000000
00221000
00111100
00122200
00000000
00000000

Valid moves for 2:
1, 2
2, 1
4, 1
4, 5
4, 6
5, 4

Player 2: 4, 5

After move by Player 2
00000000
00000000
00000000
00222200
00112200
00122200
00000000
00000000


Round: 12
00000000
00000000
00000000
00222200
00112200
00122200
00000000
00000000

Valid moves for 1:
1, 3
1, 4
1, 5
2, 6
3, 6
5, 1
5, 2
5, 3
5, 4
5, 5

Player 1: 5, 2

After move by Player 1
00000000
00000000
00100000
00122200
00112200
00122200
00000000
00000000


Round: 13
00000000
00000000
00100000
00122200
00112200
00122200
00000000
00000000

Valid moves for 2:
1, 1
2, 1
3, 1
4, 1
5, 1
6, 1

Player 2: 4, 1

After move by Player 2
00000000
00000000
00100000
02222200
00212200
00122200
00000000
00000000


Round: 14
00000000
00000000
00100000
02222200
00212200
00122200
00000000
00000000

Valid moves for 1:
1, 3
1, 5
1, 6
2, 6
3, 0
3, 1
3, 6
5, 1
5, 3
5, 5

Player 1: 3, 0

After move by Player 1
00000000
00000000
00100000
01222200
10212200
00122200
00000000
00000000


Round: 15
00000000
00000000
00100000
01222200
10212200
00122200
00000000
00000000

Valid moves for 2:
1, 1
1, 2
2, 1
4, 0
5, 0
6, 1
6, 2

Player 2: 5, 0

After move by Player 2
00000000
00000000
20100000
02222200
10212200
00122200
00000000
00000000


Round: 16
00000000
00000000
20100000
02222200
10212200
00122200
00000000
00000000

Valid moves for 1:
1, 3
1, 5
1, 6
2, 6
3, 1
3, 6
5, 1
5, 3
5, 5

Player 1: 5, 3

After move by Player 1
00000000
00000000
20110000
02212200
10212200
00122200
00000000
00000000


Round: 17
00000000
00000000
20110000
02212200
10212200
00122200
00000000
00000000

Valid moves for 2:
1, 1
1, 2
2, 1
5, 4
6, 1
6, 2
6, 3
6, 4

Player 2: 6, 4

After move by Player 2
00000000
00002000
20120000
02212200
10212200
00122200
00000000
00000000


Round: 18
00000000
00002000
20120000
02212200
10212200
00122200
00000000
00000000

Valid moves for 1:
1, 3
1, 5
1, 6
2, 1
2, 6
3, 1
3, 6
4, 0
4, 6
5, 1
5, 4
5, 5
6, 3

Player 1: 5, 5

After move by Player 1
00000000
00002000
20120100
02211200
10212200
00122200
00000000
00000000


Round: 19
00000000
00002000
20120100
02211200
10212200
00122200
00000000
00000000

Valid moves for 2:
1, 2
2, 1
4, 6
5, 1
5, 4
6, 1
6, 2
6, 3
6, 5

Player 2: 6, 5

After move by Player 2
00000000
00002200
20120200
02211200
10212200
00122200
00000000
00000000


Round: 20
00000000
00002200
20120200
02211200
10212200
00122200
00000000
00000000

Valid moves for 1:
1, 3
1, 4
1, 5
1, 6
2, 1
2, 6
3, 1
3, 6
4, 0
4, 6
5, 1
5, 4
6, 2
6, 3
6, 6

Player 1: 5, 4

After move by Player 1
00000000
00002200
20111200
02211200
10212200
00122200
00000000
00000000


Round: 21
00000000
00002200
20111200
02211200
10212200
00122200
00000000
00000000

Valid moves for 2:
1, 1
1, 2
2, 1
5, 1
6, 1
6, 2
6, 3

Player 2: 1, 2

After move by Player 2
00000000
00002200
20111200
02211200
10212200
00222200
00200000
00000000


Round: 22
00000000
00002200
20111200
02211200
10212200
00222200
00200000
00000000

Valid moves for 1:
0, 2
1, 1
1, 3
1, 4
1, 5
1, 6
2, 1
2, 6
3, 1
3, 6
4, 0
4, 6
5, 1
5, 6
6, 6
7, 4
7, 5
7, 6

Player 1: 0, 2

After move by Player 1
00000000
00002200
20111200
02111200
10112200
00122200
00100000
00100000


Round: 23
00000000
00002200
20111200
02111200
10112200
00122200
00100000
00100000

Valid moves for 2:
0, 1
1, 1
2, 1
3, 1
5, 1
6, 1
6, 2
6, 3

Player 2: 3, 1

After move by Player 2
00000000
00002200
20121200
02211200
12222200
00122200
00100000
00100000


Round: 24
00000000
00002200
20121200
02211200
12222200
00122200
00100000
00100000

Valid moves for 1:
1, 3
1, 4
1, 6
2, 1
2, 6
3, 6
4, 0
4, 6
5, 6
6, 2
6, 3
6, 6
7, 4
7, 6

Player 1: 7, 4

After move by Player 1
00001000
00001200
20121200
02211200
12222200
00122200
00100000
00100000


Round: 25
00001000
00001200
20121200
02211200
12222200
00122200
00100000
00100000

Valid moves for 2:
0, 1
1, 1
1, 3
2, 1
5, 1
6, 1
6, 2
6, 3
7, 3
7, 5

Player 2: 2, 1

After move by Player 2
00001000
00001200
20121200
02211200
12222200
02222200
00100000
00100000


Round: 26
00001000
00001200
20121200
02211200
12222200
02222200
00100000
00100000

Valid moves for 1:
1, 0
1, 1
1, 3
1, 4
1, 6
2, 0
2, 6
3, 6
4, 0
4, 6
5, 6
6, 2
6, 3
6, 6
7, 6

Player 1: 1, 0

After move by Player 1
00001000
00001200
20121200
02211200
12122200
01222200
10100000
00100000


Round: 27
00001000
00001200
20121200
02211200
12122200
01222200
10100000
00100000

Valid moves for 2:
0, 1
1, 1
2, 0
5, 1
6, 1
6, 2
6, 3
7, 3
7, 5

Player 2: 5, 1

After move by Player 2
00001000
00001200
22221200
02211200
12122200
01222200
10100000
00100000


Round: 28
00001000
00001200
22221200
02211200
12122200
01222200
10100000
00100000

Valid moves for 1:
1, 1
1, 3
1, 4
1, 6
2, 0
2, 6
3, 6
4, 0
4, 6
5, 6
6, 1
6, 2
6, 3
6, 6
7, 6

Player 1: 2, 0

After move by Player 1
00001000
00001200
22211200
02111200
11122200
11222200
10100000
00100000


Round: 29
00001000
00001200
22211200
02111200
11122200
11222200
10100000
00100000

Valid moves for 2:
0, 1
1, 1
4, 0
6, 2
6, 3
7, 3

Player 2: 4, 0

After move by Player 2
00001000
00001200
22211200
22111200
12122200
11222200
10100000
00100000


Round: 30
00001000
00001200
22211200
22111200
12122200
11222200
10100000
00100000

Valid moves for 1:
1, 1
1, 3
1, 4
1, 5
1, 6
2, 6
3, 6
4, 6
5, 6
6, 0
6, 1
6, 2
6, 3
6, 6
7, 6

Player 1: 2, 6

After move by Player 1
00001000
00001200
22211200
22111200
12122100
11111110
10100000
00100000


Round: 31
00001000
00001200
22211200
22111200
12122100
11111110
10100000
00100000

Valid moves for 2:
0, 0
0, 1
1, 1
1, 3
1, 4
1, 5
1, 6
3, 6
6, 3
7, 3
7, 5

Player 2: 0, 0

After move by Player 2
00001000
00001200
22211200
22111200
22122100
21111110
20100000
20100000


Round: 32
00001000
00001200
22211200
22111200
22122100
21111110
20100000
20100000

Valid moves for 1:
3, 6
4, 6
5, 6
6, 0
6, 1
6, 2
6, 6
7, 5
7, 6


Black: 0
White: 15

